625,9
625,8
625,7
625,6
625,5
625,4
625,3
625,2
625,1
625,0
624,7
624,6
624,5
624,4
624,3
624,2
624,1
624,0
623,13
623,12
623,11
623,10
623,9
623,8
623,7
623,6
623,5
623,4
623,3
623,2
623,1
623,0
622,11
622,10
622,9
622,8
622,7
622,6
622,5
622,4
622,3
622,2
622,1
622,0
621,9
621,8
5,17
621,7
621,6
621,5
621,4
621,3
621,2
621,1
621,0
620,7
620,6
620,5
620,4
620,3
620,2
620,1
620,0
619,13
619,12
619,11
619,10
619,9
619,8
619,7
619,6
619,5
619,4
619,3
619,2
619,1
619,0
618,11
618,10
618,9
618,8
618,7
618,6
618,5
618,4
618,3
618,2
618,1
618,0
355,6
355,5
355,4
355,3
355,2
355,1
355,0
354,6
354,5
354,4
354,3
354,2
354,1
354,0
353,6
353,5
353,4
353,3
353,2
353,1
353,0
352,6
352,5
352,4
352,3
352,2
352,1
352,0
351,6
351,5
351,4
351,3
351,2
351,1
351,0
350,6
350,5
350,4
350,3
350,2
350,1
350,0
349,6
349,5
349,4
349,3
349,2
349,1
349,0
348,6
348,5
348,4
348,3
348,2
348,1
348,0
160,3
159,3
158,7
158,3
157,3
156,3
155,3
154,3
153,3
152,3
151,3
150,3
149,3
148,3
147,3
146,3
145,3
144,3
143,3
142,3
141,3
15,10
15,9
15,8
15,7
15,6
15,5
15,4
15,3
15,2
15,1
15,0
14,7
14,6
14,5
14,4
14,3
14,2
14,1
14,0
13,23
13,22
13,21
13,20
13,19
13,18
13,17
13,16
13,15
13,14
13,13
13,12
13,11
13,10
13,9
13,8
13,7
13,6
13,5
13,4
13,3
13,2
13,1
13,0
12,12
12,11
12,10
12,9
12,8
12,7
12,6
12,5
12,4
12,3
12,2
12,1
12,0
11,9
11,8
11,7
11,6
11,5
11,4
11,3
11,2
11,1
11,0
10,7
10,6
10,5
10,4
10,3
10,2
10,1
10,0
9,13
9,12
9,11
9,10
9,9
9,8
9,7
9,6
9,5
9,4
9,3
9,2
9,1
9,0
8,11
8,10
8,9
8,8
8,7
8,6
8,5
8,4
8,3
8,2
8,1
8,0
7,3
7,2
7,1
7,0
6,6
6,5
6,4
6,3
6,2
6,1
6,0
5,16
5,15
5,14
5,13
5,12
5,11
5,10
5,9
5,8
5,7
5,6
5,5
5,4
5,3
5,2
5,1
5,0
4,7
4,6
4,3
4,2
4,1
4,0
3,2
3,0
2,2
2,0
1,2
1,0
0,201
0,199
0,198
0,197
0,196
0,195
0,193
0,192
0,54
0,53
0,9
0,2
0,0
356,0
356,1
356,3
356,4
356,6
357,0
357,2
357,4
357,5
358,0
358,1
358,3
358,5
358,6
359,1
359,2
359,4
359,5
360,0
360,2
360,3
360,5
360,6
361,1
361,3
361,4
361,6
362,0
362,2
362,3
362,5
362,7
362,8
362,10
362,11
362,13
362,15
362,16
363,0
363,1
363,3
364,0
364,2
365,0
365,1
365,3
366,0
366,2
367,0
367,1
367,3
368,0
368,2
369,0
369,1
369,3
370,0
370,2
370,3
371,1
371,3
372,0
372,2
372,3
373,1
373,3
373,4
374,1
374,2
375,0
375,1
375,3
376,1
376,2
377,0
377,1
377,3
378,1
378,2
379,0
379,1
379,3
380,0
380,2
381,0
381,1
381,3
382,0
382,2
383,0
383,1
383,3
384,0
384,2
385,0
385,1
385,3
386,0
386,2
386,3
387,1
387,3
388,0
388,2
388,3
389,1
389,3
390,0
390,2
390,3
391,1
391,2
392,0
392,2
392,3
393,1
393,2
394,0
394,2
394,3
395,1
395,2
396,0
396,1
396,3
397,1
397,2
398,0
398,1
398,3
399,1
399,2
400,0
400,1
400,3
401,0
401,2
402,0
402,1
402,3
403,0
403,2
404,0
404,1
404,3
405,0
405,2
405,4
405,5
406,1
406,2
407,0
407,1
407,3
408,1
408,2
409,0
409,1
409,3
410,1
410,2
411,0
411,1
411,3
412,0
412,2
413,0
413,1
413,3
414,0
414,2
415,0
415,1
415,3
416,0
416,2
416,3
417,1
417,3
418,0
418,2
418,3
419,1
419,3
420,0
420,2
420,3
421,1
421,3
422,0
422,2
422,3
423,1
423,2
423,4
423,6
424,0
424,2
424,3
425,1
425,3
425,4
425,6
425,7
426,0
426,1
426,3
427,0
427,1
427,3
427,4
428,1
428,3
429,0
429,2
429,3
430,1
430,2
431,0
431,2
431,3
431,5
432,0
432,2
433,0
433,1
433,3
433,4
433,6
433,7
433,9
434,0
434,1
434,3
435,0
435,2
436,0
436,1
436,3
437,0
437,2
438,0
438,1
438,3
438,4
439,1
439,2
440,0
440,2
440,3
441,0
441,1
441,3
442,0
442,1
442,3
442,4
443,0
443,1
443,3
444,1
444,2
445,0
445,1
445,3
446,1
446,2
447,0
447,1
447,3
448,0
448,2
449,0
449,1
449,3
450,0
450,2
451,0
451,1
451,3
452,0
452,2
453,0
453,1
453,3
454,0
454,2
454,3
455,1
455,3
456,0
456,2
456,3
457,1
457,3
458,0
458,2
458,3
459,1
459,2
460,0
460,2
460,3
461,1
461,2
462,0
462,2
462,3
463,0
463,1
463,3
464,0
464,2
465,0
465,1
465,3
466,0
466,2
467,0
467,1
467,3
468,0
468,2
468,4
468,5
469,1
469,2
469,4
469,5
469,7
469,9
469,10
469,12
469,13
469,15
469,17
469,18
469,20
469,21
469,23
469,24
469,26
469,28
469,29
469,31
470,0
470,2
471,0
471,1
471,3
471,4
472,1
472,2
472,4
473,0
473,1
473,3
473,4
474,1
474,3
475,0
475,2
475,3
476,1
476,2
476,4
477,1
477,2
477,4
478,0
478,2
479,0
479,1
479,3
480,0
480,2
481,0
481,1
481,3
481,4
482,1
482,2
483,0
483,2
483,3
484,1
484,2
485,0
485,2
485,3
486,1
486,2
486,4
487,0
487,2
488,0
488,1
488,3
488,4
489,1
489,3
489,4
490,0
490,1
490,3
490,4
491,0
491,2
491,3
493,1
493,2
494,0
494,2
494,3
495,1
495,2
496,0
496,2
496,3
497,1
497,2
498,0
498,1
498,3
499,1
499,2
500,0
500,1
500,3
501,1
501,2
502,0
502,1
502,3
502,4
503,1
503,3
504,0
504,2
504,3
505,1
505,3
506,0
506,2
506,3
507,1
507,2
508,0
508,2
508,3
509,1
509,2
510,0
510,2
510,3
511,0
511,1
511,3
511,4
511,6
512,1
512,2
513,0
513,1
513,3
514,1
514,2
515,0
515,1
515,3
515,5
515,6
516,1
516,2
517,0
517,1
517,3
518,0
518,1
518,3
518,4
519,1
519,3
519,4
520,0
520,1
520,3
520,4
521,1
521,3
522,0
522,2
522,3
523,1
523,3
524,0
524,2
524,3
525,1
525,2
526,0
526,2
526,3
527,1
527,2
527,4
528,1
528,2
528,4
528,5
529,1
529,3
529,4
530,1
530,2
531,0
531,1
531,3
532,1
532,2
533,0
533,1
533,3
534,1
534,2
535,0
535,1
535,3
536,0
536,2
537,0
537,1
537,3
537,4
538,1
538,3
538,4
539,1
539,2
540,0
540,1
540,3
541,1
541,2
542,0
542,1
542,3
543,1
543,2
543,4
544,0
544,2
544,3
545,1
545,3
546,0
546,2
546,3
547,0
547,2
547,3
548,1
548,2
549,0
549,2
549,3
550,0
550,1
550,3
551,0
551,2
552,0
552,1
552,3
553,0
553,2
553,4
554,0
554,2
554,3
555,1
555,2
556,0
556,2
556,3
557,0
557,1
557,3
558,1
558,2
559,0
559,1
559,3
560,0
560,2
560,4
561,0
561,2
561,3
562,0
562,2
562,3
563,1
563,2
564,0
564,2
564,3
565,0
565,1
565,3
566,0
566,2
567,0
567,1
567,3
568,0
568,2
568,4
568,5
569,1
569,2
570,0
570,1
570,3
571,1
571,2
572,0
572,1
572,3
573,1
573,2
574,0
574,1
574,3
575,0
575,2
576,0
576,1
576,3
577,0
577,2
578,0
578,1
578,3
579,0
579,2
580,0
580,1
580,3
581,0
581,2
581,3
582,1
582,3
583,0
583,2
583,3
584,1
584,3
585,0
585,2
585,3
586,1
586,2
587,0
587,2
587,3
588,1
588,2
589,0
589,2
589,3
590,1
590,2
591,0
591,1
591,3
592,1
592,2
593,0
593,1
593,3
594,1
594,2
595,0
595,1
595,3
596,0
596,2
597,0
597,1
597,3
598,0
598,2
599,0
599,1
599,3
600,0
600,2
601,0
601,1
601,3
602,0
602,2
602,3
603,1
603,3
604,0
604,2
604,3
605,1
605,3
606,0
606,2
606,3
607,1
607,2
608,0
608,2
608,3
609,1
609,2
610,0
610,2
610,3
611,1
611,2
612,0
612,1
612,3
613,1
613,2
613,4
614,0
614,2
615,0
615,1
615,3
616,0
616,2
616,3
616,1
615,2
614,3
614,1
613,3
613,0
612,2
611,3
611,0
610,1
609,3
609,0
608,1
607,3
607,0
606,1
605,2
605,0
604,1
603,2
603,0
602,1
601,2
600,3
600,1
599,2
598,3
598,1
597,2
596,3
596,1
595,2
594,3
594,0
593,2
592,3
592,0
591,2
590,3
590,0
589,1
588,3
588,0
587,1
586,3
586,0
585,1
584,2
584,0
583,1
582,2
582,0
581,1
580,2
579,3
579,1
578,2
577,3
577,1
576,2
575,3
575,1
574,2
573,3
573,0
572,2
571,3
571,0
570,2
569,3
569,0
568,3
568,1
567,2
566,3
566,1
565,2
564,4
564,1
563,3
563,0
562,1
561,4
561,1
560,3
560,1
559,2
558,3
558,0
557,2
556,4
556,1
555,3
555,0
554,1
553,3
553,1
552,2
551,3
551,1
550,2
549,4
549,1
548,3
548,0
547,1
546,4
546,1
545,2
545,0
544,1
543,3
543,0
542,2
541,3
541,0
540,2
539,3
539,0
538,2
538,0
537,2
536,3
536,1
535,2
534,3
534,0
533,2
532,3
532,0
531,2
530,3
530,0
529,2
529,0
528,3
528,0
527,3
527,0
526,1
525,3
525,0
524,1
523,2
523,0
522,1
521,2
521,0
520,2
519,5
519,2
519,0
518,2
517,4
517,2
516,3
516,0
515,4
515,2
514,3
514,0
513,2
512,3
512,0
511,5
511,2
510,4
510,1
509,3
509,0
508,1
507,3
507,0
506,1
505,2
505,0
504,1
503,2
503,0
502,2
501,3
501,0
500,2
499,3
499,0
498,2
497,3
497,0
496,1
495,3
495,0
494,1
493,3
493,0
491,1
490,5
490,2
489,5
489,2
489,0
488,2
487,3
487,1
486,3
486,0
485,1
484,3
484,0
483,1
482,3
482,0
481,2
480,3
480,1
479,2
478,3
478,1
477,3
477,0
476,3
476,0
475,1
474,2
474,0
473,2
472,5
472,3
472,0
471,2
470,3
470,1
469,30
469,27
469,25
469,22
469,19
469,16
469,14
469,11
469,8
469,6
469,3
469,0
468,3
468,1
467,2
466,3
466,1
465,2
464,3
464,1
463,2
462,4
462,1
461,3
461,0
460,1
459,3
459,0
458,1
457,2
457,0
456,1
455,2
455,0
454,1
453,2
452,3
452,1
451,2
450,3
450,1
449,2
448,3
448,1
447,2
446,3
446,0
445,2
444,3
444,0
443,2
442,5
442,2
441,4
441,2
440,4
440,1
439,3
439,0
438,2
437,3
437,1
436,2
435,3
435,1
434,2
433,10
433,8
433,5
433,2
432,3
432,1
431,4
431,1
430,3
430,0
429,1
428,2
428,0
427,2
426,4
426,2
425,8
425,5
425,2
425,0
424,1
423,5
423,3
423,0
422,1
421,2
421,0
420,1
419,2
419,0
418,1
417,2
417,0
416,1
415,2
414,3
414,1
413,2
412,3
412,1
411,2
410,3
410,0
409,2
408,3
408,0
407,2
406,3
406,0
405,3
405,1
404,2
403,3
403,1
402,2
401,3
401,1
400,2
399,3
399,0
398,2
397,3
397,0
396,2
395,3
395,0
394,1
393,3
393,0
392,1
391,3
391,0
390,1
389,2
389,0
388,1
387,2
387,0
386,1
385,2
384,3
384,1
383,2
382,3
382,1
381,2
380,3
380,1
379,2
378,3
378,0
377,2
376,3
376,0
375,2
374,3
374,0
373,2
373,0
372,1
371,2
371,0
370,1
369,2
368,3
368,1
367,2
366,3
366,1
365,2
364,3
364,1
363,2
362,17
362,14
362,12
362,9
362,6
362,4
362,1
361,5
361,2
361,0
360,4
360,1
359,6
359,3
359,0
358,4
358,2
357,6
357,3
357,1
356,5
356,2
0,200
0,194
0,62
0,252
0,59
1,45
3,44
2,44
1,44
3,43
2,43
1,43
3,42
2,42
1,42
3,41
2,41
1,48
1,41
3,40
2,40
1,40
3,39
2,39
1,39
3,38
2,38
1,38
3,37
2,37
1,37
3,36
2,36
1,36
3,35
2,35
1,35
3,34
2,34
1,34
3,33
2,33
1,33
3,32
2,32
1,32
3,31
2,31
1,31
3,30
2,30
1,30
3,29
2,29
1,29
3,28
2,28
1,28
3,27
2,27
1,27
3,26
2,26
1,26
3,25
2,25
1,25
3,24
2,24
1,24
3,23
2,23
1,23
3,22
2,22
1,22
3,21
2,21
1,21
3,20
2,20
1,20
3,19
2,19
1,19
3,18
2,18
1,18
3,17
2,17
1,17
3,16
2,16
1,16
3,15
2,15
1,15
3,14
2,14
1,14
3,13
2,13
1,13
3,12
2,12
1,12
3,11
2,11
1,11
3,10
2,10
1,10
3,9
2,9
1,9
3,8
2,8
1,8
3,7
2,7
1,7
3,6
2,6
1,6
3,5
2,5
1,5
3,4
2,4
1,4
3,3
2,3
1,3
0,6
0,47
0,46
0,49
0,48
0,45
0,51
0,12
0,50
0,10
0,58
0,8
0,55
0,11
0,5
0,7
0,4
0,3
